Tiempo_01(s)  Sensor_01(ºC) Tiempo_02(s)  Sensor_02(ºC) Tiempo_03(s)  Sensor_03(ºC) Tiempo_04(s)  Sensor_04(ºC) Tiempo_05(s)  Sensor_05(ºC) Tiempo_06(s)  Sensor_06(ºC) Tiempo_07(s)  Sensor_07(ºC) Tiempo_Promedio(s)
0,2           19,9          0,5           19,9          0,8           19,9          1,1           19,5          1,4           19,5          1,7           20,1          2,1           19,1          1,1
29,5          19,9          29,8          19,9          30,1          19,9          30,5          19,5          30,8          19,5          31,1          20,3          31,4          19,1          30,5
55,1          20,3          55,4          19,9          55,7          20,1          56,1          19,5          56,4          19,5          56,7          20,3          57            19,1          56,1
70,9          21,1          71,2          20,3          71,5          20,3          71,8          19,5          72,1          19,7          72,4          20,3          72,8          19,1          71,8
96,7          22,3          97            21,1          97,4          20,4          97,7          19,5          98            19,9          98,3          20,3          98,6          19,1          97,7
116           23            116,3         21,9          116,6         20,7          117           19,9          117,3         19,9          117,6         20,3          117,9         19,1          117
130,9         23,8          131,2         22,3          131,5         21,1          131,8         19,9          132,1         19,9          132,4         20,3          132,7         19,1          131,8
146,3         25            146,6         23            147           21,5          147,3         19,9          147,6         19,9          147,9         20,3          148,2         19,1          147,3
165,7         25,9          166           23,8          166,3         21,9          166,6         20,3          166,9         19,9          167,2         20,3          167,6         19,1          166,6
186           27            186,4         24,6          186,7         22,3          187           20,3          187,3         19,9          187,6         20,3          187,9         19,1          187
206,1         28,3          206,5         25,8          206,8         23            207,1         20,7          207,4         20,3          207,7         20,3          208           19,1          207,1
                                                                                                                                                                                                    
220,8         29,3          221,1         26,2          221,5         23,4          221,8         21,1          222,1         20,3          222,4         20,7          222,7         19,1          221,8
240,8         30,1          241,1         27,3          241,5         24,2          241,8         21,5          242,1         20,3          242,4         20,7          242,7         19,1          241,8
255,6         31,2          255,9         27,7          256,2         24,6          256,5         21,5          256,9         20,7          257,2         20,7          257,5         19,1          256,5
271           31,6          271,3         28,5          271,6         25            271,9         21,9          272,2         20,7          272,5         20,7          272,9         19,1          271,9
285,8         32,6          286,1         29,3          286,4         25,4          286,7         22,3          287,1         20,7          287,4         20,7          287,7         19,1          286,7
301           33,5          301,3         29,7          301,6         26,1          301,9         22,7          302,3         21,1          302,6         20,7          302,9         19,1          301,9
316,2         34            316,5         30,5          316,8         26,6          317,1         22,7          317,4         21,1          317,8         21,1          318,1         19,1          317,1
330,9         34,8          331,2         31,2          331,5         27            331,8         23            332,1         21,2          332,4         21,1          332,7         19,1          331,8
346,1         35,5          346,4         31,6          346,7         27,3          347           23,4          347,3         21,5          347,6         21,1          347,9         19,1          347
361,2         36,3          361,5         32,4          361,9         27,7          362,2         23,8          362,5         21,5          362,8         21,1          363,1         19,1          362,2
375,8         36,7          376,1         32,8          376,5         28,1          376,8         24,2          377,1         21,9          377,4         21,1          377,7         19,2          376,8
390,7         37,5          391           33,6          391,4         28,5          391,7         24,4          392           21,9          392,3         21,5          392,6         19,2          391,7
405,8         38,3          406,1         34            406,4         29,3          406,7         24,6          407,1         22,3          407,4         21,5          407,7         19,2          406,7
420,7         38,7          421           34,4          421,4         29,7          421,7         25            422           22,3          422,3         21,5          422,6         19,3          421,7
435,8         39,5          436,1         35,2          436,5         30,1          436,8         25,4          437,1         22,7          437,4         21,5          437,7         19,5          436,8
450,9         39,8          451,2         35,5          451,5         30,5          451,8         25,8          452,1         22,7          452,4         21,9          452,8         19,5          451,8
465,9         40,2          466,2         35,9          466,5         30,5          466,8         25,8          467,1         23            467,4         21,9          467,7         19,5          466,8
480,8         41            481,1         36,3          481,4         31,2          481,8         26,2          482,1         23            482,4         21,9          482,7         19,5          481,8
495,9         41,4          496,2         37            496,5         31,6          496,8         26,6          497,1         23,4          497,4         22,2          497,7         19,5          496,8
511,6         42,2          511,9         37,5          512,3         32            512,6         26,9          512,9         23,4          513,2         22,3          513,5         19,5          512,6
528,4         42,6          528,7         37,9          529           32,4          529,3         27            529,6         23,8          529,9         22,3          530,2         19,5          529,3
541           43            541,3         38,3          541,6         32,8          541,9         27,3          542,2         23,8          542,6         22,3          542,9         19,5          541,9
556,2         43,4          556,5         38,7          556,8         33,1          557,1         27,7          557,4         23,9          557,7         22,7          558           19,5          557,1
570,9         44,1          571,2         39,1          571,5         33,2          571,8         27,7          572,1         24,2          572,4         22,7          572,7         19,5          571,8
585,9         44,5          586,2         39,5          586,5         33,6          586,8         28,1          587,1         24,2          587,4         22,7          587,7         19,5          586,8
600,7         44,9          601           39,8          601,4         34            601,7         28,5          602           24,6          602,3         22,7          602,6         19,5          601,7
616           45,3          616,3         40,2          616,6         34,4          616,9         28,5          617,2         24,6          617,5         23            617,9         19,5          616,9
630,7         45,7          631           40,6          631,4         34,6          631,7         28,9          632           25            632,3         23            632,6         19,5          631,7
645,8         45,7          646,1         41            646,4         34,8          646,7         28,9          647           25            647,3         23            647,6         19,5          646,7
661,9         46,1          662,2         41,4          662,5         35,2          662,8         29,3          663,1         25,4          663,5         23,4          663,8         19,5          662,8
675,8         46,5          676,1         41,4          676,4         35,5          676,8         29,7          677,1         25,4          677,4         23,4          677,7         19,5          676,8
690,8         46,9          691,1         41,8          691,4         35,5          691,7         29,7          692           25,4          692,3         23,4          692,6         19,5          691,7
705,8         47,3          706,1         42,2          706,4         35,9          706,7         30,1          707           25,8          707,3         23,4          707,6         19,5          706,7
720,7         47,7          721,1         42,6          721,4         36,3          721,7         30,1          722           25,8          722,3         23,8          722,6         19,5          721,7
735,9         48            736,2         43            736,5         36,7          736,8         30,5          737,1         26,2          737,4         23,8          737,7         19,5          736,8
750,8         48,4          751,1         43,4          751,4         36,7          751,7         30,9          752           26,2          752,3         23,8          752,6         19,5          751,7
765,8         48,8          766,1         43,4          766,4         37,1          766,7         30,9          767,1         26,4          767,4         23,8          767,7         19,5          766,7
780,8         48,8          781,1         43,8          781,4         37,3          781,8         31,2          782,1         26,6          782,4         24,2          782,7         19,5          781,8
796,2         49,2          796,5         44,1          796,9         37,5          797,2         31,2          797,5         26,6          797,8         24,2          798,1         19,5          797,2
810,8         49,6          811,1         44,1          811,4         37,7          811,7         31,6          812           27            812,3         24,2          812,6         19,5          811,7
826,1         49,8          826,5         44,5          826,8         37,9          827,1         31,6          827,4         27            827,7         24,2          828           19,5          827,1
841,1         50            841,5         44,9          841,8         38,3          842,1         32            842,4         27            842,7         24,6          843           19,5          842,1
856           50            856,4         44,9          856,7         38,3          857           32            857,3         27,3          857,6         24,6          857,9         19,5          857
870,8         50,4          871,1         45,3          871,4         38,7          871,7         32,4          872           27,3          872,3         24,6          872,6         19,5          871,7
885,7         50,8          886,1         45,3          886,4         38,7          886,7         32,4          887           27,3          887,3         24,6          887,6         19,5          886,7
900,7         50,8          901           45,4          901,3         39,1          901,6         32,4          901,9         27,7          902,3         25            902,6         19,5          901,6
916           50,8          916,3         45,7          916,6         39,1          916,9         32,8          917,2         27,7          917,6         25            917,9         19,5          916,9
931,3         51,2          931,6         46,1          931,9         39,5          932,2         32,8          932,5         27,7          932,8         25            933,1         19,5          932,2
945,9         51,2          946,3         46,1          946,6         39,5          946,9         32,8          947,2         28,1          947,5         25            947,8         19,5          946,9
960,8         51,6          961,1         46,1          961,4         39,5          961,7         33,2          962           28,1          962,3         25,3          962,6         19,5          961,7
976,4         51,6          976,7         46,5          977           39,8          977,3         33,2          977,6         28,1          977,9         25,4          978,2         19,5          977,3
991,2         51,9          991,5         46,5          991,8         39,8          992,1         33,4          992,5         28,1          992,8         25,4          993,1         19,5          992,1
1006,1        52            1006,4        46,5          1006,7        39,8          1007          33,6          1007,3        28,5          1007,6        25,4          1008          19,5          1007
1020,8        52,2          1021,1        46,9          1021,4        40,2          1021,7        33,6          1022          28,5          1022,4        25,4          1022,7        19,5          1021,7
1035,9        52,3          1036,3        46,9          1036,6        40,2          1036,9        33,6          1037,2        28,5          1037,5        25,7          1037,8        19,5          1036,9
1050,8        52,3          1051,1        47,3          1051,4        40,2          1051,7        34            1052          28,6          1052,3        25,8          1052,6        19,5          1051,7
1065,9        52,7          1066,2        47,3          1066,5        40,6          1066,8        34            1067,1        28,9          1067,4        25,8          1067,7        19,5          1066,8
1080,8        52,7          1081,1        47,3          1081,5        40,6          1081,8        34            1082,1        28,9          1082,4        25,8          1082,7        19,5          1081,8
1095,8        52,9          1096,1        47,7          1096,4        40,6          1096,8        34,2          1097,1        28,9          1097,4        25,8          1097,7        19,5          1096,8
1110,7        53,1          1111          47,7          1111,4        41            1111,7        34,4          1112          28,9          1112,3        25,9          1112,6        19,5          1111,7
1125,8        53,1          1126,1        47,7          1126,4        41            1126,7        34,4          1127          29,3          1127,3        26,2          1127,6        19,5          1126,7
1141          53,1          1141,3        48            1141,6        41            1141,9        34,4          1142,2        29,3          1142,5        26,2          1142,8        19,5          1141,9
1155,8        53,5          1156,1        48            1156,4        41,3          1156,7        34,8          1157          29,3          1157,3        26,2          1157,6        19,5          1156,7
1171          53,5          1171,3        48            1171,6        41,4          1172          34,8          1172,3        29,3          1172,6        26,2          1172,9        19,5          1172
1185,8        53,6          1186,1        48,4          1186,4        41,4          1186,7        34,8          1187          29,5          1187,3        26,2          1187,6        19,5          1186,7
1200,8        53,9          1201,1        48,4          1201,4        41,4          1201,7        34,8          1202          29,7          1202,3        26,2          1202,6        19,5          1201,7
1215,8        53,9          1216,1        48,4          1216,4        41,8          1216,7        35,2          1217          29,7          1217,3        26,5          1217,6        19,6          1216,7
1230,8        54,3          1231,1        48,8          1231,4        41,8          1231,7        35,2          1232          29,7          1232,3        26,6          1232,6        19,6          1231,7
1245,8        54,3          1246,1        48,8          1246,4        41,8          1246,8        35,2          1247,1        29,7          1247,4        26,6          1247,7        19,7          1246,8
1260,8        54,3          1261,1        48,8          1261,4        42,2          1261,7        35,2          1262          29,7          1262,3        26,6          1262,6        19,7          1261,7
1276          54,7          1276,3        49,2          1276,6        42,2          1276,9        35,2          1277,2        29,9          1277,5        26,6          1277,9        19,9          1276,9
1290,8        54,7          1291,1        49,2          1291,4        42,2          1291,7        35,5          1292          30,1          1292,3        26,6          1292,6        19,9          1291,7
1306          54,7          1306,3        49,2          1306,6        42,2          1306,9        35,5          1307,3        30,1          1307,6        26,6          1307,9        19,9          1306,9
1321          54,7          1321,3        49,2          1321,6        42,2          1322          35,5          1322,3        30,1          1322,6        26,9          1322,9        19,9          1322
1336,4        54,7          1336,7        49,2          1337          42,6          1337,3        35,5          1337,6        30,1          1337,9        27            1338,2        19,9          1337,3
1350,7        54,7          1351          49,6          1351,4        42,6          1351,7        35,5          1352          30,1          1352,3        27            1352,6        19,9          1351,7
1365,5        54,7          1365,8        49,2          1366,1        42,6          1366,4        35,8          1366,7        30,1          1367,1        27            1367,4        19,9          1366,4
1380,5        54,7          1380,8        49,2          1381,1        42,6          1381,4        35,5          1381,7        30,1          1382          27            1382,3        19,9          1381,4
1395,4        55,1          1395,7        49,2          1396          42,6          1396,3        35,5          1396,6        30,1          1397          27            1397,3        19,9          1396,3
1410,5        55,1          1410,8        49,2          1411,1        42,2          1411,4        35,5          1411,7        30,1          1412          27            1412,3        19,9          1411,4
1425,6        55,1          1425,9        49,6          1426,2        42,6          1426,5        35,5          1426,8        30,5          1427,1        27            1427,5        19,9          1426,5
1440,7        55,1          1441          49,6          1441,3        42,6          1441,6        35,8          1441,9        30,5          1442,3        27            1442,6        19,9          1441,6
1455,5        55,1          1455,8        49,6          1456,1        42,6          1456,4        35,9          1456,7        30,5          1457,1        27            1457,4        19,9          1456,4
1470,9        55,1          1471,2        49,6          1471,5        42,6          1471,8        35,9          1472,1        30,5          1472,5        27            1472,8        19,9          1471,8
1485,7        55,1          1486,1        49,6          1486,4        42,6          1486,7        35,9          1487          30,5          1487,3        27            1487,6        19,9          1486,7
1500,8        55,1          1501,1        49,6          1501,4        42,6          1501,7        35,9          1502          30,5          1502,4        27            1502,7        19,9          1501,7
1517,6        55,1          1518          49,6          1518,3        42,6          1518,6        35,9          1518,9        30,5          1519,2        27,3          1519,5        19,9          1518,6
1531,4        55,1          1531,7        49,6          1532          42,6          1532,3        35,9          1532,6        30,5          1532,9        27,3          1533,2        19,9          1532,3
1546,1        55,5          1546,5        50            1546,8        43            1547,1        35,9          1547,4        30,5          1547,7        27,3          1548          19,9          1547,1
1560,9        55,5          1561,2        50            1561,5        43            1561,8        36            1562,1        30,5          1562,4        27,3          1562,7        19,9          1561,8
1575,9        55,5          1576,3        50            1576,6        43            1576,9        35,9          1577,2        30,8          1577,5        27,3          1577,8        19,9          1576,9
1590,8        55,5          1591,1        49,6          1591,5        43            1591,8        36            1592,1        30,9          1592,4        27,3          1592,7        19,9          1591,8
1606,3        55,5          1606,6        50            1606,9        43            1607,2        36,3          1607,6        30,9          1607,9        27,3          1608,2        19,9          1607,2
1620,8        55,5          1621,1        50            1621,4        43            1621,7        36,3          1622          30,9          1622,3        27,3          1622,6        19,9          1621,7
1636,2        55,5          1636,5        50            1636,8        43            1637,1        36,3          1637,4        30,9          1637,7        27,3          1638,1        19,9          1637,1
1651          55,5          1651,3        50            1651,6        43            1652          36,3          1652,3        30,9          1652,6        27,3          1652,9        19,9          1652
1665,8        55,5          1666,1        50            1666,4        43            1666,7        36,3          1667          30,9          1667,3        27,3          1667,6        19,9          1666,7
1681          55,5          1681,3        50            1681,6        43            1681,9        36,3          1682,3        30,9          1682,6        27,3          1682,9        19,9          1681,9
1696,7        55,9          1697          50            1697,4        43,4          1697,7        36,5          1698          31,1          1698,3        27,7          1698,6        19,9          1697,7
1710,8        55,9          1711,1        50            1711,4        43,4          1711,7        36,7          1712          31,2          1712,3        27,7          1712,6        19,9          1711,7
1726,1        55,9          1726,4        50,4          1726,7        43,4          1727          36,7          1727,4        31,2          1727,7        27,7          1728          19,9          1727
1741,3        56,2          1741,6        50,4          1741,9        43,4          1742,2        36,7          1742,5        31,2          1742,8        27,7          1743,1        19,9          1742,2
1755,9        56,2          1756,2        50,4          1756,5        43,8          1756,8        36,7          1757,1        31,2          1757,4        27,7          1757,7        19,9          1756,8
1771          56,2          1771,3        50,4          1771,6        43,8          1771,9        36,7          1772,2        31,2          1772,5        27,7          1772,8        19,9          1771,9
1785,2        55,9          1785,5        50,4          1785,8        43,8          1786,1        36,7          1786,4        31,2          1786,8        27,7          1787,1        19,9          1786,1
1800,8        56,2          1801,1        50,8          1801,4        43,8          1801,7        36,7          1802          31,2          1802,3        27,7          1802,6        19,9          1801,7
